1000000 10 0.032000000000000000666 0.0080000000000000001665
1500000 10 0.050000000000000002776 0.01200000000000000025
2000000 10 0.06500000000000000222 0.014999999999999999445
2500000 10 0.084000000000000005218 0.018999999999999999528
3000000 10 0.099000000000000004663 0.0240000000000000005
3500000 10 0.11200000000000000233 0.026999999999999999695
4000000 10 0.12800000000000000266 0.030999999999999999778
4500000 10 0.14499999999999999001 0.03599999999999999728
5000000 10 0.16100000000000000422 0.040000000000000000833
5500000 10 0.17599999999999998979 0.043999999999999997446
6000000 10 0.192000000000000004 0.047000000000000000111
6500000 10 0.20899999999999999134 0.050999999999999996725
7000000 10 0.22700000000000000733 0.053999999999999999389
7500000 10 0.24199999999999999289 0.058999999999999996891
8000000 10 0.26200000000000001066 0.061999999999999999556
8500000 10 0.2750000000000000222 0.066000000000000003109
9000000 10 0.2909999999999999809 0.070000000000000006661
9500000 10 0.30699999999999999512 0.074999999999999997224
10000000 10 0.32800000000000001377 0.077999999999999999889
10500000 10 0.33900000000000002354 0.082000000000000003442
11000000 10 0.35499999999999998224 0.085000000000000006106
11500000 10 0.37600000000000000089 0.088999999999999995781
12000000 10 0.38800000000000001155 0.094000000000000000222
12500000 10 0.40500000000000002665 0.097000000000000002887
13000000 10 0.42099999999999998535 0.10000000000000000555
13500000 10 0.43399999999999999689 0.11100000000000000144
14000000 10 0.45400000000000001465 0.10799999999999999878
14500000 10 0.46999999999999997335 0.11400000000000000411
15000000 10 0.48599999999999998757 0.11600000000000000588
15500000 10 0.50200000000000000178 0.12199999999999999734
16000000 10 0.52000000000000001776 0.125
16500000 10 0.54000000000000003553 0.12800000000000000266
17000000 10 0.55000000000000004441 0.13200000000000000622
17500000 10 0.57499999999999995559 0.13700000000000001066
18000000 10 0.58099999999999996092 0.14000000000000001332
18500000 10 0.60099999999999997868 0.14299999999999998823
19000000 10 0.62199999999999999734 0.14699999999999999178
19500000 10 0.66200000000000003286 0.15299999999999999711
20000000 10 0.64700000000000001954 0.15499999999999999889
