1000000 100 0.0240000000000000005 0.0010000000000000000208
1500000 100 0.035000000000000003331 0.0020000000000000000416
2000000 100 0.050000000000000002776 0.0020000000000000000416
2500000 100 0.058999999999999996891 0.0030000000000000000625
3000000 100 0.070999999999999993672 0.0030000000000000000625
3500000 100 0.08300000000000000433 0.0030000000000000000625
4000000 100 0.09500000000000000111 0.0040000000000000000833
4500000 100 0.105999999999999997 0.0040000000000000000833
5000000 100 0.11799999999999999378 0.0050000000000000001041
5500000 100 0.12900000000000000355 0.0060000000000000001249
6000000 100 0.14099999999999998646 0.0060000000000000001249
6500000 100 0.153999999999999998 0.0060000000000000001249
7000000 100 0.16400000000000000688 0.0070000000000000001457
7500000 100 0.17699999999999999067 0.0070000000000000001457
8000000 100 0.18900000000000000133 0.0080000000000000001665
8500000 100 0.20100000000000001199 0.0080000000000000001665
9000000 100 0.211999999999999994 0.0080000000000000001665
9500000 100 0.22500000000000000555 0.00899999999999999932
10000000 100 0.23699999999999998845 0.010000000000000000208
10500000 100 0.24899999999999999911 0.010000000000000000208
11000000 100 0.25900000000000000799 0.010999999999999999362
11500000 100 0.27200000000000001954 0.010999999999999999362
12000000 100 0.28399999999999997469 0.01200000000000000025
12500000 100 0.29499999999999998446 0.01200000000000000025
13000000 100 0.307999999999999996 0.012999999999999999403
13500000 100 0.31900000000000000577 0.012999999999999999403
14000000 100 0.33100000000000001643 0.012999999999999999403
14500000 100 0.34399999999999997247 0.014000000000000000291
15000000 100 0.35399999999999998135 0.014999999999999999445
15500000 100 0.36499999999999999112 0.014999999999999999445
16000000 100 0.37700000000000000178 0.014999999999999999445
16500000 100 0.38900000000000001243 0.016000000000000000333
17000000 100 0.4000000000000000222 0.017000000000000001221
17500000 100 0.41199999999999997735 0.017000000000000001221
18000000 100 0.42299999999999998712 0.017000000000000001221
18500000 100 0.43599999999999999867 0.01799999999999999864
19000000 100 0.44700000000000000844 0.01799999999999999864
19500000 100 0.46100000000000002087 0.018999999999999999528
20000000 100 0.47299999999999997602 0.018999999999999999528
