1000000 10 0.022999999999999999611 0
1500000 10 0.034000000000000002442 0.0050000000000000001041
2000000 10 0.045999999999999999223 0.0070000000000000001457
2500000 10 0.055000000000000000278 0.00899999999999999932
3000000 10 0.068000000000000004885 0.010000000000000000208
3500000 10 0.077999999999999999889 0.014000000000000000291
4000000 10 0.089999999999999996669 0.014000000000000000291
4500000 10 0.10100000000000000644 0.017000000000000001221
5000000 10 0.115000000000000005 0.0020000000000000000416
5500000 10 0.125 0.020000000000000000416
6000000 10 0.13500000000000000888 0.021999999999999998723
6500000 10 0.14699999999999999178 0.022999999999999999611
7000000 10 0.15900000000000000244 0.0030000000000000000625
7500000 10 0.1710000000000000131 0.026999999999999999695
8000000 10 0.18099999999999999423 0.029000000000000001471
8500000 10 0.19300000000000000488 0.02999999999999999889
9000000 10 0.20300000000000001377 0.033000000000000001554
9500000 10 0.21399999999999999578 0.0040000000000000000833
10000000 10 0.22700000000000000733 0.03599999999999999728
10500000 10 0.23799999999999998934 0.037999999999999999056
11000000 10 0.24899999999999999911 0.040000000000000000833
11500000 10 0.26100000000000000977 0.041000000000000001721
12000000 10 0.27000000000000001776 0.043999999999999997446
12500000 10 0.28499999999999997558 0.045999999999999999223
13000000 10 0.30099999999999998979 0.045999999999999999223
13500000 10 0.30699999999999999512 0.048000000000000000999
14000000 10 0.32100000000000000755 0.050000000000000002776
14500000 10 0.32900000000000001465 0.050999999999999996725
15000000 10 0.33800000000000002265 0.053999999999999999389
15500000 10 0.35199999999999997957 0.058000000000000002942
16000000 10 0.35999999999999998668 0.060999999999999998668
16500000 10 0.37700000000000000178 0.05999999999999999778
17000000 10 0.38500000000000000888 0.060999999999999998668
17500000 10 0.4000000000000000222 0.063000000000000000444
18000000 10 0.41399999999999997913 0.064000000000000001332
18500000 10 0.41999999999999998446 0.066000000000000003109
19000000 10 0.42799999999999999156 0.073999999999999996336
19500000 10 0.44400000000000000577 0.070000000000000006661
20000000 10 0.45100000000000001199 0.072999999999999995448
