1000000 10 0.0240000000000000005 0.0050000000000000001041
1500000 10 0.034000000000000002442 0.0080000000000000001665
2000000 10 0.048000000000000000999 0.01200000000000000025
2500000 10 0.058999999999999996891 0.012999999999999999403
3000000 10 0.072999999999999995448 0.014999999999999999445
3500000 10 0.08300000000000000433 0.01799999999999999864
4000000 10 0.09500000000000000111 0.021000000000000001305
4500000 10 0.105999999999999997 0.022999999999999999611
5000000 10 0.11799999999999999378 0.025000000000000001388
5500000 10 0.12800000000000000266 0.028000000000000000583
6000000 10 0.14199999999999998734 0.02999999999999999889
6500000 10 0.15099999999999999534 0.033000000000000001554
7000000 10 0.16500000000000000777 0.03599999999999999728
7500000 10 0.17599999999999998979 0.036999999999999998168
8000000 10 0.19000000000000000222 0.041000000000000001721
8500000 10 0.2000000000000000111 0.042999999999999996558
9000000 10 0.21099999999999999312 0.044999999999999998335
9500000 10 0.22300000000000000377 0.048000000000000000999
10000000 10 0.23599999999999998757 0.050999999999999996725
10500000 10 0.24699999999999999734 0.052999999999999998501
11000000 10 0.25800000000000000711 0.056000000000000001166
11500000 10 0.27000000000000001776 0.058000000000000002942
12000000 10 0.28199999999999997291 0.060999999999999998668
12500000 10 0.29399999999999998357 0.063000000000000000444
13000000 10 0.30499999999999999334 0.06500000000000000222
13500000 10 0.317000000000000004 0.068000000000000004885
14000000 10 0.32900000000000001465 0.070999999999999993672
14500000 10 0.3420000000000000262 0.072999999999999995448
15000000 10 0.35199999999999997957 0.075999999999999998113
15500000 10 0.36399999999999999023 0.079000000000000000777
16000000 10 0.38000000000000000444 0.081000000000000002554
16500000 10 0.39000000000000001332 0.084000000000000005218
17000000 10 0.4000000000000000222 0.085999999999999993117
17500000 10 0.40899999999999997469 0.087999999999999994893
18000000 10 0.4249999999999999889 0.091999999999999998446
18500000 10 0.43599999999999999867 0.097000000000000002887
19000000 10 0.44900000000000001021 0.097000000000000002887
19500000 10 0.45600000000000001643 0.099000000000000004663
20000000 10 0.47099999999999997424 0.10100000000000000644
