1000000 10 0.021000000000000001305 0.0010000000000000000208
1500000 10 0.032000000000000000666 0.0050000000000000001041
2000000 10 0.043999999999999997446 0.0070000000000000001457
2500000 10 0.051999999999999997613 0.00899999999999999932
3000000 10 0.063000000000000000444 0.010000000000000000208
3500000 10 0.073999999999999996336 0.01200000000000000025
4000000 10 0.084000000000000005218 0.014000000000000000291
4500000 10 0.09500000000000000111 0.014999999999999999445
5000000 10 0.10499999999999999611 0.0020000000000000000416
5500000 10 0.11700000000000000677 0.01799999999999999864
6000000 10 0.12600000000000000089 0.020000000000000000416
6500000 10 0.13600000000000000977 0.021999999999999998723
7000000 10 0.1459999999999999909 0.0030000000000000000625
7500000 10 0.15700000000000000067 0.025999999999999998807
8000000 10 0.16800000000000001044 0.026999999999999999695
8500000 10 0.17899999999999999245 0.029000000000000001471
9000000 10 0.18900000000000000133 0.030999999999999999778
9500000 10 0.19900000000000001021 0.0040000000000000000833
10000000 10 0.20999999999999999223 0.034000000000000002442
10500000 10 0.22000000000000000111 0.03599999999999999728
11000000 10 0.23000000000000000999 0.037999999999999999056
11500000 10 0.24199999999999999289 0.038999999999999999944
12000000 10 0.25200000000000000178 0.041000000000000001721
12500000 10 0.26200000000000001066 0.042999999999999996558
13000000 10 0.27300000000000002043 0.043999999999999997446
13500000 10 0.2829999999999999738 0.045999999999999999223
14000000 10 0.29299999999999998268 0.049000000000000001887
14500000 10 0.30399999999999999245 0.049000000000000001887
15000000 10 0.31600000000000000311 0.050999999999999996725
15500000 10 0.3250000000000000111 0.052999999999999998501
16000000 10 0.33500000000000001998 0.055000000000000000278
16500000 10 0.34699999999999997513 0.057000000000000002054
17000000 10 0.35699999999999998401 0.058000000000000002942
17500000 10 0.36699999999999999289 0.05999999999999999778
18000000 10 0.37800000000000000266 0.061999999999999999556
18500000 10 0.38700000000000001066 0.063000000000000000444
19000000 10 0.39700000000000001954 0.06500000000000000222
19500000 10 0.40899999999999997469 0.067000000000000003997
20000000 10 0.41899999999999998357 0.068000000000000004885
