1000000 50 0.0240000000000000005 0.0020000000000000000416
1500000 50 0.036999999999999998168 0.0020000000000000000416
2000000 50 0.047000000000000000111 0.0030000000000000000625
2500000 50 0.058999999999999996891 0.0040000000000000000833
3000000 50 0.070999999999999993672 0.0050000000000000001041
3500000 50 0.082000000000000003442 0.0050000000000000001041
4000000 50 0.09500000000000000111 0.0050000000000000001041
4500000 50 0.105999999999999997 0.0070000000000000001457
5000000 50 0.11799999999999999378 0.0070000000000000001457
5500000 50 0.13500000000000000888 0.0080000000000000001665
6000000 50 0.14199999999999998734 0.00899999999999999932
6500000 50 0.15299999999999999711 0.010000000000000000208
7000000 50 0.16500000000000000777 0.010000000000000000208
7500000 50 0.17599999999999998979 0.010999999999999999362
8000000 50 0.18800000000000000044 0.01200000000000000025
8500000 50 0.2000000000000000111 0.01200000000000000025
9000000 50 0.21099999999999999312 0.012999999999999999403
9500000 50 0.22500000000000000555 0.014000000000000000291
10000000 50 0.23499999999999998668 0.014999999999999999445
10500000 50 0.24599999999999999645 0.016000000000000000333
11000000 50 0.25900000000000000799 0.016000000000000000333
11500000 50 0.26900000000000001688 0.017000000000000001221
12000000 50 0.28100000000000002753 0.017000000000000001221
12500000 50 0.29299999999999998268 0.01799999999999999864
13000000 50 0.30599999999999999423 0.018999999999999999528
13500000 50 0.31800000000000000488 0.018999999999999999528
14000000 50 0.33000000000000001554 0.021000000000000001305
14500000 50 0.3420000000000000262 0.021000000000000001305
15000000 50 0.35299999999999998046 0.021999999999999998723
15500000 50 0.36299999999999998934 0.022999999999999999611
16000000 50 0.375 0.0240000000000000005
16500000 50 0.39100000000000001421 0.0240000000000000005
17000000 50 0.4000000000000000222 0.025999999999999998807
17500000 50 0.41299999999999997824 0.025999999999999998807
18000000 50 0.42299999999999998712 0.026999999999999999695
18500000 50 0.432999999999999996 0.028000000000000000583
19000000 50 0.44800000000000000933 0.028000000000000000583
19500000 50 0.48199999999999998401 0.029000000000000001471
20000000 50 0.47199999999999997513 0.02999999999999999889
