1000000 20 0.022999999999999999611 0.0030000000000000000625
1500000 20 0.034000000000000002442 0.0040000000000000000833
2000000 20 0.048000000000000000999 0.0050000000000000001041
2500000 20 0.058999999999999996891 0.0070000000000000001457
3000000 20 0.070000000000000006661 0.00899999999999999932
3500000 20 0.082000000000000003442 0.010999999999999999362
4000000 20 0.09500000000000000111 0.010999999999999999362
4500000 20 0.105999999999999997 0.014000000000000000291
5000000 20 0.11799999999999999378 0.014999999999999999445
5500000 20 0.13000000000000000444 0.016000000000000000333
6000000 20 0.14299999999999998823 0.017000000000000001221
6500000 20 0.153999999999999998 0.020000000000000000416
7000000 20 0.16600000000000000866 0.021000000000000001305
7500000 20 0.17699999999999999067 0.021999999999999998723
8000000 20 0.19100000000000000311 0.022999999999999999611
8500000 20 0.2000000000000000111 0.025999999999999998807
9000000 20 0.21299999999999999489 0.026999999999999999695
9500000 20 0.22500000000000000555 0.028000000000000000583
10000000 20 0.23599999999999998757 0.02999999999999999889
10500000 20 0.24699999999999999734 0.030999999999999999778
11000000 20 0.26000000000000000888 0.032000000000000000666
11500000 20 0.27200000000000001954 0.034000000000000002442
12000000 20 0.2829999999999999738 0.035000000000000003331
12500000 20 0.29499999999999998446 0.03599999999999999728
13000000 20 0.307999999999999996 0.036999999999999998168
13500000 20 0.32100000000000000755 0.040000000000000000833
14000000 20 0.33000000000000001554 0.041000000000000001721
14500000 20 0.34100000000000002531 0.042000000000000002609
15000000 20 0.35499999999999998224 0.042999999999999996558
15500000 20 0.36399999999999999023 0.044999999999999998335
16000000 20 0.37900000000000000355 0.045999999999999999223
16500000 20 0.38900000000000001243 0.051999999999999997613
17000000 20 0.40200000000000002398 0.049000000000000001887
17500000 20 0.41199999999999997735 0.050999999999999996725
18000000 20 0.42599999999999998979 0.051999999999999997613
18500000 20 0.43900000000000000133 0.053999999999999999389
19000000 20 0.4500000000000000111 0.056000000000000001166
19500000 20 0.46200000000000002176 0.057000000000000002054
20000000 20 0.47199999999999997513 0.058999999999999996891
