1000000 500 0.022999999999999999611 0.0010000000000000000208
1500000 500 0.035000000000000003331 0.0010000000000000000208
2000000 500 0.047000000000000000111 0.0010000000000000000208
2500000 500 0.058999999999999996891 0.0010000000000000000208
3000000 500 0.070000000000000006661 0.0020000000000000000416
3500000 500 0.082000000000000003442 0.0020000000000000000416
4000000 500 0.094000000000000000222 0.0020000000000000000416
4500000 500 0.10499999999999999611 0.0030000000000000000625
5000000 500 0.11700000000000000677 0.0020000000000000000416
5500000 500 0.13000000000000000444 0.0030000000000000000625
6000000 500 0.14099999999999998646 0.0040000000000000000833
6500000 500 0.15299999999999999711 0.0030000000000000000625
7000000 500 0.16500000000000000777 0.0040000000000000000833
7500000 500 0.17599999999999998979 0.0040000000000000000833
8000000 500 0.18900000000000000133 0.0050000000000000001041
8500000 500 0.20100000000000001199 0.0050000000000000001041
9000000 500 0.21099999999999999312 0.0060000000000000001249
9500000 500 0.22400000000000000466 0.0050000000000000001041
10000000 500 0.23499999999999998668 0.0060000000000000001249
10500000 500 0.24599999999999999645 0.0060000000000000001249
11000000 500 0.26000000000000000888 0.0060000000000000001249
11500000 500 0.27000000000000001776 0.0070000000000000001457
12000000 500 0.28000000000000002665 0.0070000000000000001457
12500000 500 0.29599999999999998535 0.0070000000000000001457
13000000 500 0.30499999999999999334 0.0080000000000000001665
13500000 500 0.31800000000000000488 0.0070000000000000001457
14000000 500 0.32900000000000001465 0.0080000000000000001665
14500000 500 0.3420000000000000262 0.00899999999999999932
15000000 500 0.35299999999999998046 0.00899999999999999932
15500000 500 0.36699999999999999289 0.00899999999999999932
16000000 500 0.37600000000000000089 0.00899999999999999932
16500000 500 0.38700000000000001066 0.010000000000000000208
17000000 500 0.40200000000000002398 0.010999999999999999362
17500000 500 0.41299999999999997824 0.010000000000000000208
18000000 500 0.42299999999999998712 0.010000000000000000208
18500000 500 0.43699999999999999956 0.010999999999999999362
19000000 500 0.44600000000000000755 0.010999999999999999362
19500000 500 0.45600000000000001643 0.01200000000000000025
20000000 500 0.47099999999999997424 0.01200000000000000025
