1000000 10 0.021000000000000001305 0.0040000000000000000833
1500000 10 0.032000000000000000666 0.0050000000000000001041
2000000 10 0.042999999999999996558 0.0070000000000000001457
2500000 10 0.052999999999999998501 0.0080000000000000001665
3000000 10 0.061999999999999999556 0.010999999999999999362
3500000 10 0.073999999999999996336 0.01200000000000000025
4000000 10 0.084000000000000005218 0.014000000000000000291
4500000 10 0.097000000000000002887 0.016000000000000000333
5000000 10 0.10499999999999999611 0.01799999999999999864
5500000 10 0.11600000000000000588 0.01799999999999999864
6000000 10 0.12600000000000000089 0.020000000000000000416
6500000 10 0.13600000000000000977 0.022999999999999999611
7000000 10 0.14699999999999999178 0.0240000000000000005
7500000 10 0.15800000000000000155 0.025999999999999998807
8000000 10 0.16800000000000001044 0.028000000000000000583
8500000 10 0.17899999999999999245 0.029000000000000001471
9000000 10 0.18900000000000000133 0.030999999999999999778
9500000 10 0.19900000000000001021 0.032000000000000000666
10000000 10 0.20899999999999999134 0.034000000000000002442
10500000 10 0.22000000000000000111 0.035000000000000003331
11000000 10 0.23000000000000000999 0.037999999999999999056
11500000 10 0.24299999999999999378 0.038999999999999999944
12000000 10 0.25500000000000000444 0.041000000000000001721
12500000 10 0.26800000000000001599 0.048000000000000000999
13000000 10 0.27300000000000002043 0.043999999999999997446
13500000 10 0.28399999999999997469 0.045999999999999999223
14000000 10 0.29599999999999998535 0.048000000000000000999
14500000 10 0.30399999999999999245 0.049000000000000001887
15000000 10 0.31500000000000000222 0.050999999999999996725
15500000 10 0.32600000000000001199 0.052999999999999998501
16000000 10 0.33600000000000002087 0.053999999999999999389
16500000 10 0.34599999999999997424 0.056000000000000001166
17000000 10 0.35699999999999998401 0.058000000000000002942
17500000 10 0.36699999999999999289 0.05999999999999999778
18000000 10 0.37800000000000000266 0.060999999999999998668
18500000 10 0.38700000000000001066 0.063000000000000000444
19000000 10 0.39800000000000002043 0.06500000000000000222
19500000 10 0.4079999999999999738 0.067000000000000003997
20000000 10 0.41999999999999998446 0.068000000000000004885
