1000000 10 0.0240000000000000005 0.0040000000000000000833
1500000 10 0.03599999999999999728 0.0050000000000000001041
2000000 10 0.048000000000000000999 0.0080000000000000001665
2500000 10 0.05999999999999999778 0.010000000000000000208
3000000 10 0.073999999999999996336 0.010999999999999999362
3500000 10 0.08300000000000000433 0.014000000000000000291
4000000 10 0.096000000000000001998 0.017000000000000001221
4500000 10 0.10899999999999999967 0.017000000000000001221
5000000 10 0.11899999999999999467 0.020000000000000000416
5500000 10 0.13100000000000000533 0.021999999999999998723
6000000 10 0.14499999999999999001 0.022999999999999999611
6500000 10 0.15900000000000000244 0.025999999999999998807
7000000 10 0.16900000000000001132 0.026999999999999999695
7500000 10 0.17999999999999999334 0.029000000000000001471
8000000 10 0.19300000000000000488 0.030999999999999999778
8500000 10 0.2039999999999999869 0.034000000000000002442
9000000 10 0.21499999999999999667 0.036999999999999998168
9500000 10 0.23200000000000001177 0.036999999999999998168
10000000 10 0.23999999999999999112 0.040000000000000000833
10500000 10 0.25300000000000000266 0.041000000000000001721
11000000 10 0.26400000000000001243 0.043999999999999997446
11500000 10 0.27700000000000002398 0.044999999999999998335
12000000 10 0.28699999999999997735 0.048000000000000000999
12500000 10 0.29799999999999998712 0.050000000000000002776
13000000 10 0.31099999999999999867 0.051999999999999997613
13500000 10 0.32600000000000001199 0.053999999999999999389
14000000 10 0.33500000000000001998 0.055000000000000000278
14500000 10 0.35999999999999998668 0.057000000000000002054
15000000 10 0.36199999999999998845 0.058999999999999996891
15500000 10 0.37199999999999999734 0.060999999999999998668
16000000 10 0.38300000000000000711 0.064000000000000001332
16500000 10 0.39900000000000002132 0.066000000000000003109
17000000 10 0.41399999999999997913 0.067000000000000003997
17500000 10 0.42099999999999998535 0.069000000000000005773
18000000 10 0.43399999999999999689 0.070999999999999993672
18500000 10 0.44500000000000000666 0.072999999999999995448
19000000 10 0.4590000000000000191 0.075999999999999998113
19500000 10 0.46899999999999997247 0.075999999999999998113
20000000 10 0.48199999999999998401 0.077999999999999999889
