1000000 10 0.022999999999999999611 0.0030000000000000000625
1500000 10 0.034000000000000002442 0.0050000000000000001041
2000000 10 0.045999999999999999223 0.0070000000000000001457
2500000 10 0.058000000000000002942 0.00899999999999999932
3000000 10 0.070000000000000006661 0.010999999999999999362
3500000 10 0.080000000000000001665 0.012999999999999999403
4000000 10 0.090999999999999997558 0.016000000000000000333
4500000 10 0.10399999999999999523 0.016000000000000000333
5000000 10 0.11400000000000000411 0.018999999999999999528
5500000 10 0.12600000000000000089 0.021999999999999998723
6000000 10 0.14000000000000001332 0.021999999999999998723
6500000 10 0.14799999999999999267 0.025000000000000001388
7000000 10 0.16700000000000000955 0.025999999999999998807
7500000 10 0.17799999999999999156 0.026999999999999999695
8000000 10 0.18499999999999999778 0.02999999999999999889
8500000 10 0.19600000000000000755 0.032000000000000000666
9000000 10 0.20699999999999998956 0.033000000000000001554
9500000 10 0.21799999999999999933 0.034000000000000002442
10000000 10 0.2290000000000000091 0.037999999999999999056
10500000 10 0.24199999999999999289 0.038999999999999999944
11000000 10 0.25400000000000000355 0.041000000000000001721
11500000 10 0.26500000000000001332 0.043999999999999997446
12000000 10 0.27600000000000002309 0.043999999999999997446
12500000 10 0.28799999999999997824 0.047000000000000000111
13000000 10 0.2999999999999999889 0.048000000000000000999
13500000 10 0.30999999999999999778 0.050000000000000002776
14000000 10 0.32300000000000000933 0.050999999999999996725
14500000 10 0.3340000000000000191 0.052999999999999998501
15000000 10 0.34399999999999997247 0.055000000000000000278
15500000 10 0.35599999999999998312 0.058999999999999996891
16000000 10 0.37399999999999999911 0.058999999999999996891
16500000 10 0.38100000000000000533 0.05999999999999999778
17000000 10 0.39300000000000001599 0.063000000000000000444
17500000 10 0.40400000000000002576 0.064000000000000001332
18000000 10 0.41399999999999997913 0.066000000000000003109
18500000 10 0.42399999999999998801 0.069000000000000005773
19000000 10 0.44100000000000000311 0.070000000000000006661
19500000 10 0.45400000000000001465 0.070999999999999993672
20000000 10 0.46000000000000001998 0.073999999999999996336
