1000000 10 0.026999999999999999695 0.0050000000000000001041
1500000 10 0.040000000000000000833 0.0080000000000000001665
2000000 10 0.053999999999999999389 0.010000000000000000208
2500000 10 0.068000000000000004885 0.012999999999999999403
3000000 10 0.081000000000000002554 0.014999999999999999445
3500000 10 0.09500000000000000111 0.017000000000000001221
4000000 10 0.11000000000000000056 0.020000000000000000416
4500000 10 0.12299999999999999822 0.022999999999999999611
5000000 10 0.13400000000000000799 0.025000000000000001388
5500000 10 0.14999999999999999445 0.026999999999999999695
6000000 10 0.16200000000000000511 0.02999999999999999889
6500000 10 0.17699999999999999067 0.033000000000000001554
7000000 10 0.2039999999999999869 0.03599999999999999728
7500000 10 0.20599999999999998868 0.037999999999999999056
8000000 10 0.21900000000000000022 0.040000000000000000833
8500000 10 0.23100000000000001088 0.042000000000000002609
9000000 10 0.24699999999999999734 0.048000000000000000999
9500000 10 0.26800000000000001599 0.055000000000000000278
10000000 10 0.2750000000000000222 0.051999999999999997613
10500000 10 0.32400000000000001021 0.056000000000000001166
11000000 10 0.30499999999999999334 0.058999999999999996891
11500000 10 0.317000000000000004 0.058000000000000002942
12000000 10 0.32700000000000001288 0.05999999999999999778
12500000 10 0.3420000000000000262 0.063000000000000000444
13000000 10 0.35299999999999998046 0.06500000000000000222
13500000 10 0.36699999999999999289 0.068000000000000004885
14000000 10 0.38000000000000000444 0.070000000000000006661
14500000 10 0.39400000000000001688 0.07199999999999999456
15000000 10 0.40999999999999997558 0.074999999999999997224
15500000 10 0.4249999999999999889 0.077999999999999999889
16000000 10 0.43900000000000000133 0.082000000000000003442
16500000 10 0.45300000000000001377 0.086999999999999994005
17000000 10 0.46300000000000002265 0.086999999999999994005
17500000 10 0.47799999999999998046 0.086999999999999994005
18000000 10 0.49199999999999999289 0.088999999999999995781
18500000 10 0.50600000000000000533 0.092999999999999999334
19000000 10 0.51900000000000001688 0.096000000000000001998
19500000 10 0.53000000000000002665 0.10399999999999999523
20000000 10 0.5510000000000000453 0.10000000000000000555
