1000000 10 0.026999999999999999695 0.0050000000000000001041
1500000 10 0.040000000000000000833 0.0070000000000000001457
2000000 10 0.056000000000000001166 0.00899999999999999932
2500000 10 0.069000000000000005773 0.01200000000000000025
3000000 10 0.081000000000000002554 0.014999999999999999445
3500000 10 0.09500000000000000111 0.017000000000000001221
1000000 10 0.026999999999999999695 0.0050000000000000001041
1500000 10 0.040000000000000000833 0.0080000000000000001665
2000000 10 0.052999999999999998501 0.010000000000000000208
2500000 10 0.067000000000000003997 0.01200000000000000025
3000000 10 0.081000000000000002554 0.014999999999999999445
3500000 10 0.094000000000000000222 0.017000000000000001221
4000000 10 0.10699999999999999789 0.020000000000000000416
4500000 10 0.11999999999999999556 0.021999999999999998723
5000000 10 0.13500000000000000888 0.025000000000000001388
5500000 10 0.14799999999999999267 0.028000000000000000583
6000000 10 0.16200000000000000511 0.029000000000000001471
6500000 10 0.17599999999999998979 0.032000000000000000666
7000000 10 0.19000000000000000222 0.034000000000000002442
7500000 10 0.2039999999999999869 0.036999999999999998168
8000000 10 0.21599999999999999756 0.040000000000000000833
8500000 10 0.22800000000000000822 0.042000000000000002609
9000000 10 0.24099999999999999201 0.044999999999999998335
9500000 10 0.25600000000000000533 0.047000000000000000111
10000000 10 0.27000000000000001776 0.049000000000000001887
10500000 10 0.28199999999999997291 0.051999999999999997613
11000000 10 0.29599999999999998535 0.053999999999999999389
11500000 10 0.30899999999999999689 0.057000000000000002054
12000000 10 0.32200000000000000844 0.05999999999999999778
12500000 10 0.33700000000000002176 0.061999999999999999556
13000000 10 0.35099999999999997868 0.066000000000000003109
13500000 10 0.36399999999999999023 0.067000000000000003997
14000000 10 0.375 0.070000000000000006661
14500000 10 0.38900000000000001243 0.074999999999999997224
15000000 10 0.40300000000000002487 0.074999999999999997224
15500000 10 0.41699999999999998179 0.076999999999999999001
16000000 10 0.42599999999999998979 0.082000000000000003442
16500000 10 0.44500000000000000666 0.082000000000000003442
17000000 10 0.45800000000000001821 0.084000000000000005218
17500000 10 0.47299999999999997602 0.086999999999999994005
18000000 10 0.48199999999999998401 0.089999999999999996669
18500000 10 0.49699999999999999734 0.091999999999999998446
19000000 10 0.51000000000000000888 0.094000000000000000222
19500000 10 0.52800000000000002487 0.096000000000000001998
20000000 10 0.54000000000000003553 0.099000000000000004663
