1000000 10 0.021000000000000001305 0.0010000000000000000208
1500000 10 0.030999999999999999778 0.0050000000000000001041
2000000 10 0.042000000000000002609 0.0070000000000000001457
2500000 10 0.051999999999999997613 0.00899999999999999932
3000000 10 0.063000000000000000444 0.010000000000000000208
3500000 10 0.072999999999999995448 0.01200000000000000025
4000000 10 0.084000000000000005218 0.014000000000000000291
4500000 10 0.094000000000000000222 0.014999999999999999445
5000000 10 0.10499999999999999611 0.0020000000000000000416
5500000 10 0.115000000000000005 0.021000000000000001305
6000000 10 0.12600000000000000089 0.020000000000000000416
6500000 10 0.13600000000000000977 0.021999999999999998723
7000000 10 0.14699999999999999178 0.0020000000000000000416
7500000 10 0.15700000000000000067 0.025999999999999998807
8000000 10 0.16800000000000001044 0.026999999999999999695
8500000 10 0.17899999999999999245 0.029000000000000001471
9000000 10 0.18900000000000000133 0.02999999999999999889
9500000 10 0.19900000000000001021 0.0040000000000000000833
10000000 10 0.20999999999999999223 0.034000000000000002442
10500000 10 0.22000000000000000111 0.03599999999999999728
11000000 10 0.23200000000000001177 0.036999999999999998168
11500000 10 0.24099999999999999201 0.038999999999999999944
12000000 10 0.25200000000000000178 0.040000000000000000833
12500000 10 0.26200000000000001066 0.043999999999999997446
13000000 10 0.27300000000000002043 0.043999999999999997446
13500000 10 0.2829999999999999738 0.045999999999999999223
14000000 10 0.29299999999999998268 0.048000000000000000999
14500000 10 0.30399999999999999245 0.050999999999999996725
15000000 10 0.31500000000000000222 0.050999999999999996725
15500000 10 0.3250000000000000111 0.051999999999999997613
16000000 10 0.33600000000000002087 0.055000000000000000278
16500000 10 0.34599999999999997424 0.056000000000000001166
17000000 10 0.35699999999999998401 0.057000000000000002054
17500000 10 0.36699999999999999289 0.058999999999999996891
18000000 10 0.37700000000000000178 0.061999999999999999556
18500000 10 0.38800000000000001155 0.063000000000000000444
19000000 10 0.39800000000000002043 0.066000000000000003109
19500000 10 0.40899999999999997469 0.066000000000000003109
20000000 10 0.41899999999999998357 0.069000000000000005773
