Silnia
10000
0.005795355784836163
0.005688060298197482
0.005855068055661166
0.006694305362021969
0.00831213469968693

20000
0.01700166961107252
0.0117003395668901
0.0125759640382849
0.01723585367321433
0.01444570451849284

30000
0.03443951870043706
0.03605734803810202
0.03771622956195918
0.0304187369641815
0.02054941820188625

40000
0.03361520946178252
0.0451616033304519
0.03622435579556571
0.03606621157830261
0.03593652399010456

50000
0.04947441539121101
0.05015597498242453
0.04526749931074312
0.05256359240217334
0.04671458887401784

60000
0.0598032387375893
0.05731724896238267
0.06171589741245272
0.06008640552189225
0.06834255996768074

70000
0.07292034523022579
0.0813052542599807
0.08227697816723448
0.07869517492196586
0.07855522428721975

