Potega 3^n
10000
0.004839492949520272
0.005342382230374606
0.005786492244635576
0.006681243302779
0.009483521512511819

20000
0.02260436002207488
0.01443404196559733
0.01490241008988096
0.01976942666423464
0.01686405148690552

30000
0.02457299895083674
0.02303774048767198
0.0363204552314247
0.02671284415610467
0.02255164528298718

40000
0.03387785015298937
0.04742833711122297
0.04020548485197654
0.03794388259447951
0.03403786037871575

50000
0.04613239423347405
0.05922011109281386
0.04734063471344874
0.04463678845015401
0.05006500706983957

60000
0.05527723520990029
0.05870649226329566
0.06328567703218818
0.07144993056116006
0.06911555397359505

70000
0.09426748205016484
0.07335139318524379
0.08123947746165003
0.0847974890990118
0.06985635933351776

