Sedgwick
10000
0.002606813823204095
0.002646466503048824
0.002598883287235149
0.00307144993056116
0.003927481313091495

20000
0.006598205926162978
0.00572538046746311
0.005821946405437922
0.005649340622584394
0.005623683006214275

30000
0.01089142489805763
0.01063438223224062
0.008950309594129164
0.008870537732323885
0.009308116716963371

40000
0.0132869132627951
0.01392508815723734
0.01227087165453839
0.01235344252903859
0.01232265338939445

50000
0.01564461495615114
0.01590165762196814
0.01561429231862281
0.01565207899000426
0.01558070416628375

60000
0.0193901604440727
0.01933651270075335
0.0193397782155641
0.01927680042992835
0.01938969394195687

70000
0.02281008745515165
0.02275084168644247
0.02303214246228214
0.02378600988144782
0.02281428597419403

