Zwykly Shell
10000
0.003370944288917822
0.003370011284686182
0.003311232018092818
0.003329425600609811
0.004520872004414976

20000
0.007486425954684918
0.01036940903045466
0.007513949579518318
0.009235808889011217
0.007724342033753294

30000
0.01264500635142631
0.0147955811053581
0.01268279302280776
0.01518184485725735
0.01144982793069458

40000
0.02144883428118788
0.01920355959774456
0.01681273625416528
0.01655289457565335
0.01661260684647835

50000
0.02171613999355294
0.02182250247595998
0.02157245734188027
0.02115307193975778
0.02153933569165703

60000
0.02597856982580345
0.02806196827505711
0.02592305607402082
0.02556898096811318
0.0257322567086503

70000
0.03081712977109208
0.03120619253568625
0.03032590304313325
0.03093888682332119
0.03209767807901893

