Fibonacci
10000
0.00462163646143217
0.004157000354075106
0.00421671262490011
0.004153268337148543
0.005574233781937318

20000
0.01210899542034873
0.01061478914337616
0.0112324379447223
0.01189207193649227
0.009744296195255393

30000
0.01810354760864018
0.02070336390010697
0.01583961284056404
0.02060586495790052
0.01540949788977768

40000
0.02152347461971914
0.02138119147439393
0.02084797955601128
0.02088716573374019
0.02069356735567474

50000
0.02648519112358434
0.02744805149063754
0.0269153060743707
0.02725491961468791
0.02674270029151717

60000
0.0335783557946327
0.0329499774446227
0.03307033499050435
0.0334314076281493
0.03319908957447076

70000
0.03918944324371983
0.04443525953611963
0.03967833746109956
0.04063886531757365
0.03967460544417299

