Papiernow
10000
0.003295370946154926
0.00328744041018598
0.003429257053395366
0.003524889987138537
0.006945750002449136

20000
0.00798791572919179
0.007979052188991203
0.007566197816490197
0.007725741540100755
0.007687954868719307

30000
0.01186594781800633
0.01218970028638565
0.01530033639467572
0.01355235296669688
0.01581395522419392

40000
0.0167604880171934
0.01740799295395204
0.01652210543600921
0.01682766432187153
0.01643906805939318

50000
0.02138165797650975
0.02195545557896878
0.02125010437984842
0.02167695381582403
0.02232912377374088

60000
0.02688218442414746
0.02615444112346772
0.02562169570720088
0.0261035923928433
0.02667132546779666

70000
0.03122438611820324
0.03064452398823855
0.03115114528601945
0.0321704524090869
0.03177719112545035

